2
90 270 19
0 180 37

	0.882346	0.757877	0.644525	0.592402
	0.565922	0.511341	0.446816	0.405419
	0.364078	0.306145	0.21514	0.14067
	0.0248045	0.00826816	0	0
	0.00167598	0.00167598	0.00234637	0.00223464
	0.0026257	0.00340782	0.00407821	0.00452514
	0.00536313	0.00692737	0.00821229	0.00793296
	0.00804469	0.00776536	0.00670391	0.00614525
	0.00547486	0.00486034	0.00452514	0.00430168
	0.00374302	0.882346	0.764078	0.654469
	0.602346	0.570894	0.510503	0.45095
	0.405419	0.364078	0.310279	0.227542
	0.153073	0.0744693	0.00826816	0
	0	0.00167598	0.00167598	0.00167598
	0.00223464	0.0027933	0.00351955	0.00424581
	0.00469274	0.00547486	0.00709497	0.00826816
	0.00810056	0.00821229	0.00798883	0.00675978
	0.00614525	0.00536313	0.00486034	0.00452514
	0.00424581	0.00374302	0.882346	0.786872
	0.689218	0.633352	0.578771	0.518771
	0.467486	0.426089	0.37648	0.322682
	0.264749	0.190279	0.124134	0.0124022
	0.00413408	0	0.00167598	0.00206704
	0.00206704	0.0022905	0.00296089	0.00374302
	0.00452514	0.0049162	0.00581006	0.0075419
	0.00882682	0.00860335	0.00877095	0.00849162
	0.00709497	0.00631285	0.00530726	0.00469274
	0.00435754	0.00424581	0.00374302	0.882346
	0.810447	0.73514	0.662737	0.592402
	0.532849	0.484022	0.442682	0.405419
	0.359944	0.314413	0.264749	0.202737
	0.0248045	0.00826816	0	0.00167598
	0.00206704	0.0024581	0.0026257	0.00340782
	0.00435754	0.00530726	0.00564246	0.00664804
	0.00843575	0.0096648	0.00932961	0.00944134
	0.00916201	0.0075419	0.00659218	0.00530726
	0.00458101	0.00435754	0.00413408	0.00374302
	0.882346	0.835251	0.781453	0.683017
	0.608156	0.552291	0.508827	0.475754
	0.45095	0.413687	0.37648	0.335084
	0.277151	0.0537989	0.0165363	0.00413408
	0.0024581	0.0024581	0.0024581	0.00312849
	0.00413408	0.00547486	0.00636872	0.00687151
	0.00787709	0.0096648	0.0106145	0.0102235
	0.01	0.00960894	0.00787709	0.00698324
	0.00536313	0.00452514	0.00424581	0.00407821
	0.00374302	0.882346	0.872514	0.822849
	0.706201	0.630503	0.584134	0.554358
	0.529553	0.504693	0.484022	0.459218
	0.417821	0.359944	0.148939	0.0248045
	0.00826816	0.0024581	0.0024581	0.00329609
	0.00357542	0.00486034	0.00625698	0.00715084
	0.00743017	0.00854749	0.0102793	0.0111173
	0.0106704	0.0102235	0.0098324	0.00815642
	0.00726257	0.00547486	0.00441341	0.00418994
	0.00402235	0.00374302	0.882346	0.905978
	0.862123	0.733073	0.659441	0.627598
	0.604022	0.583296	0.56676	0.558492
	0.533687	0.500559	0.442682	0.339218
	0.0455307	0.0206704	0.00659218	0.00329609
	0.00329609	0.00385475	0.0050838	0.00653631
	0.0072067	0.00743017	0.00837989	0.0101117
	0.0110615	0.0105587	0.0100559	0.00960894
	0.00798883	0.00726257	0.00558659	0.00435754
	0.00407821	0.00391061	0.00374302	0.882346
	0.937039	0.894413	0.768659	0.695419
	0.67352	0.653631	0.653631	0.649497
	0.637095	0.624693	0.595754	0.533687
	0.446816	0.0703352	0.0372067	0.0128492
	0.00290503	0.00329609	0.00385475	0.00513966
	0.00653631	0.0072067	0.00726257	0.00810056
	0.0096648	0.0107821	0.0101676	0.00977654
	0.00927374	0.00787709	0.0072067	0.00558659
	0.00424581	0.00402235	0.00385475	0.00374302
	0.882346	0.964749	0.935363	0.815419
	0.745922	0.738045	0.736369	0.740503
	0.757095	0.769497	0.777765	0.773631
	0.703296	0.591564	0.248212	0.0744693
	0.0244134	0.00871508	0.00329609	0.00357542
	0.0049162	0.00631285	0.00709497	0.00709497
	0.0077095	0.00932961	0.0104469	0.00988827
	0.00949721	0.00899441	0.00776536	0.00703911
	0.00536313	0.00418994	0.00391061	0.00379888
	0.00374302	0.882346	0.987095	0.979218
	0.872514	0.817486	0.839832	0.864637
	0.893575	0.918436	0.997039	1.11698
	1.22039	1.27832	1.17905	1.00531
	0.339218	0.117877	0.0177654	0.00290503
	0.00318436	0.00424581	0.00564246	0.00664804
	0.00670391	0.0072067	0.00865922	0.0098324
	0.00949721	0.00910615	0.00860335	0.0073743
	0.00653631	0.00486034	0.00407821	0.00385475
	0.00368715	0.00374302	0.882346	1.00609
	1.02475	0.94324	0.917151	0.996201
	1.08391	1.17905	1.29486	1.51
	2.03955	2.64352	3.08207	2.98693
	2.51531	1.37346	0.380615	0.0670391
	0.0107821	0.00268156	0.00346369	0.00469274
	0.00553073	0.00558659	0.00608939	0.00726257
	0.00843575	0.00821229	0.00798883	0.00787709
	0.00653631	0.00575419	0.00452514	0.00385475
	0.00374302	0.00363128	0.00374302	0.882346
	1.0243	1.07687	1.0305	1.03715
	1.19061	1.34866	1.60514	1.77061
	2.43257	3.31374	3.39235	3.13168
	2.61458	1.93609	1.24939	0.411229
	0.12162	0.0169832	0.00374302	0.00268156
	0.00357542	0.00424581	0.00424581	0.00458101
	0.00547486	0.00653631	0.00653631	0.00653631
	0.00653631	0.00558659	0.00502793	0.00413408
	0.00368715	0.00363128	0.00357542	0.00374302
	0.882346	1.03547	1.1319	1.12983
	1.15916	1.30648	1.52654	1.57207
	1.72514	2.05609	2.39944	2.3457
	1.89888	1.51	1.25765	0.939106
	0.604413	0.109218	0.0330726	0.00854749
	0.00206704	0.00256983	0.00296089	0.00296089
	0.00324022	0.00413408	0.00502793	0.00519553
	0.0052514	0.00536313	0.0047486	0.00441341
	0.00385475	0.00357542	0.00357542	0.00357542
	0.00374302	0.882346	1.04374	1.17654
	1.22704	1.26676	1.31888	1.40246
	1.4852	1.52654	1.4438	1.32799
	1.22453	1.14592	1.07978	0.980447
	0.748771	0.507598	0.297039	0.0376536
	0.0126816	0.00290503	0.00212291	0.0022905
	0.00234637	0.00268156	0.00351955	0.00424581
	0.00435754	0.00441341	0.00452514	0.00418994
	0.00402235	0.00363128	0.00357542	0.00357542
	0.00357542	0.00374302	0.882346	1.04251
	1.20844	1.30235	1.34743	1.29899
	1.23285	1.22866	1.21212	1.11698
	1.00531	0.930838	0.864637	0.806704
	0.748771	0.637095	0.45838	0.34257
	0.0636872	0.016257	0.00575419	0.00184358
	0.00195531	0.00206704	0.0022905	0.00312849
	0.00379888	0.00379888	0.00391061	0.00391061
	0.00368715	0.00368715	0.00357542	0.00351955
	0.00357542	0.00363128	0.00374302	0.882346
	1.02682	1.20883	1.33212	1.3743
	1.30028	1.19559	1.10045	1.00117
	0.905978	0.819106	0.757095	0.711564
	0.657765	0.591564	0.537821	0.416983
	0.304469	0.225028	0.0177095	0.00692737
	0.00167598	0.00178771	0.00184358	0.00206704
	0.00284916	0.00351955	0.00346369	0.00363128
	0.00357542	0.00335196	0.00335196	0.00340782
	0.00340782	0.00351955	0.00357542	0.00374302
	0.882346	1.00609	1.18151	1.31223
	1.34989	1.2833	1.19559	1.09218
	0.959777	0.82324	0.719832	0.645363
	0.595754	0.537821	0.475754	0.417821
	0.351229	0.255642	0.173352	0.0445251
	0.00703911	0.00167598	0.00156425	0.00162011
	0.00189944	0.0026257	0.00324022	0.00329609
	0.00329609	0.00329609	0.00312849	0.00318436
	0.00318436	0.00329609	0.00346369	0.00357542
	0.00374302	0.882346	0.991229	1.1319
	1.23737	1.27173	1.22788	1.18732
	1.10872	0.997039	0.868771	0.732235
	0.628827	0.554358	0.492291	0.421955
	0.343352	0.263966	0.18905	0.113743
	0.0527374	0.00675978	0.00206704	0.00150838
	0.00150838	0.00184358	0.00251397	0.00312849
	0.00312849	0.00324022	0.00312849	0.00301676
	0.00312849	0.00312849	0.00324022	0.00340782
	0.00351955	0.00374302	0.882346	0.973855
	1.08721	1.16581	1.17162	1.13603
	1.14179	1.10872	1.02598	0.901844
	0.761229	0.637095	0.554358	0.537821
	0.463352	0.339218	0.255642	0.176257
	0.0992737	0.0412291	0.00603352	0.0022905
	0.00150838	0.00150838	0.00173184	0.00240223
	0.00307263	0.00296089	0.00324022	0.00307263
	0.00296089	0.00307263	0.00296089	0.00324022
	0.00340782	0.00357542	0.00374302
